# File generated by CMD 3.3 (http://stev.oapd.inaf.it/cmd) on Fri Sep 18 04:09:25 CEST 2020
# isochrones based on PARSEC release v1.2S +  COLIBRI S_35
# Basic references: Bressan et al. (2012), MNRAS, 427, 127 + Chen et al. (2014, 2015), MNRAS, 444, 2525 + MNRAS, 452, 1068 + Tang et al. (2014), MNRAS, 445, 4287 + Marigo et al. (2017), ApJ, 835, 77 + Pastorelli al. (2019), MNRAS in press
# Thermal pulse cycles included 
# On RGB, assumed Reimers mass loss with efficiency eta=0.2
# Photometric system: Subaru/Hyper Suprime-Cam (ABmags)
# Using YBC version of bolometric corrections as in Chen et al. (2019)
# O-rich circumstellar dpmod60alox40 dust from Groenewegen (2006)
# C-rich circumstellar AMCSIC15 dust from Groenewegen (2006)
# IMF: Kroupa (2001, 2002) + Kroupa et al. (2013) canonical two-part-power law IMF corrected for unresolved binaries 
# Kind of output: isochrone tables
Zini     MH   logAge Mini        int_IMF         Mass   logL    logTe  logg  label   McoreTP C_O  period0 period1 pmode  Mloss  tau1m   X   Y   Xc  Xn  Xo  Cexcess  Z 	 mbolmag  gmag    rmag    imag    zmag    ymag    NB816mag  NB921mag
0.0015467 -1.00000 10.00000 0.0900000036 1.0816895962    0.090 -3.240  3.4437  5.359    1  0.000  0.545     0.00     0.00 -1 -5.05e-17      0.00 7.453e-01 2.531e-01 2.929e-04 7.903e-05 7.168e-04 -1.000 1.629e-03 12.869 17.462 15.473 12.811 11.842 11.576 12.145 11.632
0.0015467 -1.00000 10.00000 0.0977863744 1.1523445845    0.098 -3.052  3.4702  5.313    1  0.000  0.545     0.00     0.00 -1 -7.88e-17      0.00 7.445e-01 2.539e-01 2.929e-04 7.903e-05 7.168e-04 -1.000 1.629e-03 12.399 16.267 14.338 12.180 11.363 11.127 11.649 11.192
0.0015467 -1.00000 10.00000 0.1000000015 1.1711064577    0.100 -3.001  3.4774  5.301    1  0.000  0.545     0.00     0.00 -1 -8.88e-17      0.00 7.443e-01 2.541e-01 2.929e-04 7.903e-05 7.168e-04 -1.000 1.629e-03 12.272 15.960 14.048 12.015 11.236 11.007 11.515 11.074
0.0015467 -1.00000 10.00000 0.1044455096 1.2072035074    0.104 -2.934  3.4853  5.284    1  0.000  0.545     0.00     0.00 -1 -1.03e-16      0.00 7.439e-01 2.545e-01 2.929e-04 7.903e-05 7.168e-04 -1.000 1.629e-03 12.105 15.597 13.702 11.808 11.070 10.848 11.341 10.918
0.0015467 -1.00000 10.00000 0.1200000048 1.3193155527    0.120 -2.720  3.5107  5.232    1  0.000  0.545     0.00     0.00 -1 -1.68e-16      0.00 7.426e-01 2.558e-01 2.929e-04 7.903e-05 7.168e-04 -1.000 1.629e-03 11.569 14.502 12.679 11.167 10.546 10.344 10.787 10.417
0.0015467 -1.00000 10.00000 0.1400000006 1.4384527206    0.140 -2.535  3.5285  5.185    1  0.000  0.545     0.00     0.00 -1  -2.5e-16      0.00 7.413e-01 2.571e-01 2.929e-04 7.903e-05 7.168e-04 -1.000 1.629e-03 11.108 13.705 11.947 10.647 10.095 9.905 10.315 9.979
0.0015467 -1.00000 10.00000 0.1599999964 1.5372931957    0.160 -2.395  3.5397  5.148    1  0.000  0.545     0.00     0.00 -1 -3.38e-16      0.00 7.402e-01 2.582e-01 2.929e-04 7.903e-05 7.168e-04 -1.000 1.629e-03 10.758 13.165 11.455 10.266 9.751 9.568 9.958 9.642
0.0015467 -1.00000 10.00000 0.2000000179 1.6938792467    0.200 -2.176  3.5545  5.085    1  0.000  0.545     0.00     0.00 -1 -5.37e-16      0.00 7.388e-01 2.596e-01 2.929e-04 7.904e-05 7.168e-04 -1.000 1.629e-03 10.211 12.394 10.748 9.685 9.214 9.040 9.407 9.113
0.0015467 -1.00000 10.00000 0.2500000298 1.8403259516    0.250 -1.971  3.5660  5.023    1  0.000  0.545     0.00     0.00 -1 -4.59e-16      0.00 7.383e-01 2.601e-01 2.929e-04 7.904e-05 7.168e-04 -1.000 1.629e-03 9.698 11.719 10.124 9.150 8.711 8.544 8.894 8.615
0.0015467 -1.00000 10.00000 0.3000000417 1.9529141188    0.300 -1.811  3.5748  4.978    1  0.000  0.545     0.00     0.00 -1 -4.06e-16      0.00 7.384e-01 2.600e-01 2.929e-04 7.904e-05 7.168e-04 -1.000 1.629e-03 9.299 11.208 9.654 8.736 8.318 8.157 8.495 8.227
0.0015467 -1.00000 10.00000 0.3500000238 2.0434176922    0.350 -1.679  3.5821  4.942    1  0.000  0.545     0.00     0.00 -1  -1.5e-15      0.00 7.466e-01 2.518e-01 2.929e-04 7.903e-05 7.168e-04 -1.000 1.629e-03 8.968 10.790 9.272 8.395 7.993 7.837 8.164 7.905
0.0015467 -1.00000 10.00000 0.4000000358 2.1185026169    0.400 -1.527  3.5932  4.892    1  0.000  0.545     0.00     0.00 -1 -2.11e-15      0.00 7.470e-01 2.514e-01 2.929e-04 7.903e-05 7.168e-04 -1.000 1.629e-03 8.588 10.283 8.824 8.002 7.622 7.473 7.785 7.538
0.0015467 -1.00000 10.00000 0.4499999881 2.1822810173    0.450 -1.352  3.6097  4.834    1  0.000  0.545     0.00     0.00 -1 -3.19e-15      0.00 7.470e-01 2.514e-01 2.929e-04 7.903e-05 7.168e-04 -1.000 1.629e-03 8.150 9.668 8.302 7.546 7.195 7.057 7.345 7.117
0.0015467 -1.00000 10.00000 0.5000000000 2.2374541759    0.500 -1.154  3.6357  4.786    1  0.000  0.545     0.00     0.00 -1 -5.05e-15      0.00 7.470e-01 2.514e-01 2.929e-04 7.903e-05 7.168e-04 -1.000 1.629e-03 7.655 8.909 7.696 7.035 6.727 6.604 6.857 6.656
0.0015467 -1.00000 10.00000 0.5500000715 2.2836585045    0.550 -0.936  3.6681  4.739    1  0.000  0.544     0.00     0.00 -1 -8.38e-15      0.00 7.758e-01 2.228e-01 2.621e-04 7.075e-05 6.419e-04 -1.000 1.466e-03 7.111 8.047 7.032 6.476 6.218 6.117 6.323 6.157
0.0015467 -1.00000 10.00000 0.6000000238 2.3211214542    0.600 -0.737  3.6973  4.694    1  0.000  0.544     0.00     0.00 -1 -1.33e-14      0.00 7.823e-01 2.163e-01 2.557e-04 6.906e-05 6.268e-04 -1.000 1.417e-03 6.613 7.320 6.459 5.971 5.751 5.671 5.836 5.700
0.0015467 -1.00000 10.00000 0.6148604155 2.3309140205    0.615 -0.677  3.7068  4.683    1  0.000  0.544     0.00     0.00 -1 -1.53e-14      0.00 7.844e-01 2.142e-01 2.536e-04 6.848e-05 6.216e-04 -1.000 1.392e-03 6.463 7.113 6.293 5.823 5.614 5.540 5.693 5.566
0.0015467 -1.00000 10.00000 0.6355409622 2.3436696529    0.635 -0.594  3.7198  4.666    1  0.000  0.544     0.00     0.00 -1 -1.86e-14      0.00 7.875e-01 2.111e-01 2.504e-04 6.764e-05 6.141e-04 -1.000 1.398e-03 6.255 6.836 6.068 5.623 5.428 5.363 5.500 5.384
0.0015467 -1.00000 10.00000 0.6499999762 2.3520355225    0.650 -0.536  3.7287  4.654    1  0.000  0.544     0.00     0.00 -1 -2.13e-14      0.00 7.897e-01 2.089e-01 2.481e-04 6.704e-05 6.087e-04 -1.000 1.403e-03 6.110 6.650 5.915 5.485 5.300 5.241 5.366 5.259
0.0015467 -1.00000 10.00000 0.6615411639 2.3584120274    0.661 -0.490  3.7351  4.641    1  0.000  0.543     0.00     0.00 -1 -2.38e-14      0.00 7.919e-01 2.067e-01 2.460e-04 6.647e-05 6.037e-04 -1.000 1.399e-03 5.995 6.509 5.796 5.377 5.198 5.143 5.261 5.159
0.0015467 -1.00000 10.00000 0.6781662107 2.3671603203    0.678 -0.424  3.7442  4.622    1  0.000  0.543     0.00     0.00 -1 -2.81e-14      0.00 7.952e-01 2.035e-01 2.428e-04 6.563e-05 5.961e-04 -1.000 1.371e-03 5.829 6.308 5.626 5.222 5.053 5.003 5.110 5.016
0.0015467 -1.00000 10.00000 0.6936124563 2.3748576641    0.693 -0.361  3.7523  4.602    1  0.000  0.543     0.00     0.00 -1 -3.28e-14      0.00 7.984e-01 2.003e-01 2.397e-04 6.481e-05 5.887e-04 -1.000 1.359e-03 5.674 6.123 5.470 5.081 4.920 4.874 4.973 4.885
0.0015467 -1.00000 10.00000 0.6999999881 2.3779268265    0.700 -0.336  3.7556  4.593    1  0.000  0.543     0.00     0.00 -1  -3.5e-14      0.00 7.997e-01 1.989e-01 2.384e-04 6.446e-05 5.856e-04 -1.000 1.345e-03 5.609 6.047 5.406 5.022 4.864 4.820 4.916 4.831
0.0015467 -1.00000 10.00000 0.7073645592 2.3813865185    0.707 -0.305  3.7593  4.582    1  0.000  0.542     0.00     0.00 -1 -3.78e-14      0.00 8.016e-01 1.971e-01 2.361e-04 6.397e-05 5.813e-04 -1.000 1.306e-03 5.533 5.959 5.330 4.954 4.800 4.758 4.849 4.767
0.0015467 -1.00000 10.00000 0.7182536721 2.3863525391    0.718 -0.260  3.7647  4.565    1  0.000  0.540     0.00     0.00 -1 -4.25e-14      0.00 8.045e-01 1.942e-01 2.326e-04 6.320e-05 5.746e-04 -1.000 1.303e-03 5.420 5.829 5.219 4.852 4.703 4.664 4.749 4.672
0.0015467 -1.00000 10.00000 0.7286624312 2.3909404278    0.728 -0.216  3.7696  4.547    1  0.000  0.538     0.00     0.00 -1 -4.76e-14      0.00 8.075e-01 1.913e-01 2.292e-04 6.244e-05 5.680e-04 -1.000 1.272e-03 5.310 5.705 5.112 4.753 4.609 4.572 4.653 4.579
0.0015467 -1.00000 10.00000 0.7384952903 2.3951380253    0.738 -0.174  3.7741  4.528    1  0.000  0.536     0.00     0.00 -1 -5.32e-14      0.00 8.104e-01 1.884e-01 2.259e-04 6.169e-05 5.615e-04 -1.000 1.265e-03 5.204 5.587 5.009 4.658 4.519 4.484 4.560 4.490
0.0015467 -1.00000 10.00000 0.7478531003 2.3990151882    0.748 -0.133  3.7782  4.509    1  0.000  0.535     0.00     0.00 -1 -5.94e-14      0.00 8.133e-01 1.855e-01 2.226e-04 6.094e-05 5.549e-04 -1.000 1.205e-03 5.102 5.473 4.910 4.566 4.431 4.398 4.469 4.403
0.0015467 -1.00000 10.00000 0.7500000000 2.3998889923    0.750 -0.123  3.7792  4.505    1  0.000  0.534     0.00     0.00 -1 -6.09e-14      0.00 8.140e-01 1.848e-01 2.218e-04 6.077e-05 5.533e-04 -1.000 1.203e-03 5.078 5.447 4.887 4.544 4.410 4.377 4.448 4.383
0.0015467 -1.00000 10.00000 0.7572705150 2.4028060436    0.757 -0.091  3.7818  4.487    1  0.000  0.534     0.00     0.00 -1 -6.67e-14      0.00 8.172e-01 1.816e-01 2.188e-04 5.996e-05 5.461e-04 -1.000 1.203e-03 4.997 5.359 4.807 4.469 4.338 4.306 4.375 4.312
0.0015467 -1.00000 10.00000 0.7677704096 2.4069068432    0.767 -0.042  3.7854  4.459    1  0.000  0.534     0.00     0.00 -1 -7.64e-14      0.00 8.218e-01 1.769e-01 2.144e-04 5.876e-05 5.353e-04 -1.000 1.243e-03 4.876 5.228 4.689 4.358 4.230 4.200 4.265 4.204
0.0015467 -1.00000 10.00000 0.7777299285 2.4106791019    0.777  0.005  3.7888  4.430    1  0.000  0.533     0.00     0.00 -1 -8.75e-14      0.00 8.263e-01 1.725e-01 2.100e-04 5.760e-05 5.249e-04 -1.000 1.196e-03 4.757 5.100 4.573 4.247 4.122 4.093 4.156 4.098
0.0015467 -1.00000 10.00000 0.7867228985 2.4139909744    0.786  0.050  3.7917  4.402    1  0.000  0.533     0.00     0.00 -1 -9.96e-14      0.00 8.304e-01 1.684e-01 2.060e-04 5.652e-05 5.154e-04 -1.000 1.169e-03 4.645 4.981 4.463 4.143 4.021 3.993 4.053 3.997
0.0015467 -1.00000 10.00000 0.7951595783 2.4170198441    0.794  0.094  3.7943  4.373    1  0.000  0.532     0.00     0.00 -1 -1.13e-13      0.00 8.343e-01 1.646e-01 2.022e-04 5.550e-05 5.062e-04 -1.000 1.148e-03 4.535 4.864 4.355 4.040 3.920 3.893 3.951 3.897
0.0015467 -1.00000 10.00000 0.8000000119 2.4187245369    0.799  0.120  3.7957  4.355    1  0.000  0.532     0.00     0.00 -1 -1.23e-13      0.00 8.365e-01 1.624e-01 2.000e-04 5.491e-05 5.009e-04 -1.000 1.141e-03 4.469 4.793 4.290 3.977 3.859 3.833 3.889 3.837
0.0015467 -1.00000 10.00000 0.8032187819 2.4198451042    0.802  0.138  3.7967  4.343    1  0.000  0.532     0.00     0.00 -1 -1.29e-13      0.00 8.375e-01 1.613e-01 1.990e-04 5.465e-05 4.987e-04 -1.000 1.142e-03 4.425 4.746 4.247 3.935 3.818 3.792 3.848 3.796
0.0015467 -1.00000 10.00000 0.8110998273 2.4225454330    0.810  0.183  3.7988  4.311    1  0.000  0.532     0.00     0.00 -1 -1.48e-13      0.00 8.399e-01 1.590e-01 1.969e-04 5.408e-05 4.936e-04 -1.000 1.112e-03 4.312 4.628 4.136 3.828 3.713 3.688 3.742 3.692
0.0015467 -1.00000 10.00000 0.8183593154 2.4249799252    0.817  0.226  3.8006  4.279    1  0.000  0.531     0.00     0.00 -1 -1.68e-13      0.00 8.418e-01 1.571e-01 1.952e-04 5.365e-05 4.898e-04 -1.000 1.102e-03 4.206 4.516 4.030 3.726 3.613 3.588 3.640 3.592
0.0015467 -1.00000 10.00000 0.8275811672 2.4280018806    0.826  0.283  3.8022  4.233    1  0.000  0.531     0.00     0.00 -1 -2.01e-13      0.00 8.431e-01 1.558e-01 1.943e-04 5.343e-05 4.880e-04 -1.000 1.129e-03 4.062 4.367 3.887 3.587 3.475 3.451 3.502 3.454
0.0015467 -1.00000 10.00000 0.8348063827 2.4303159714    0.834  0.331  3.8031  4.192    1  0.000  0.531     0.00     0.00 -1 -2.36e-13      0.00 8.429e-01 1.559e-01 1.948e-04 5.356e-05 4.893e-04 -1.000 1.140e-03 3.942 4.243 3.767 3.469 3.358 3.334 3.384 3.337
0.0015467 -1.00000 10.00000 0.8350276351 2.4303860664    0.834  0.333  3.8031  4.191    1  0.000  0.531     0.00     0.00 -1 -2.37e-13      0.00 8.429e-01 1.559e-01 1.948e-04 5.357e-05 4.893e-04 -1.000 1.140e-03 3.939 4.239 3.764 3.465 3.354 3.330 3.381 3.333
0.0015467 -1.00000 10.00000 0.8383916616 2.4314472675    0.837  0.357  3.8030  4.168    1  0.000  0.530     0.00     0.00 -1 -2.57e-13      0.00 8.427e-01 1.562e-01 1.952e-04 5.368e-05 4.904e-04 -1.000 1.140e-03 3.877 4.177 3.702 3.403 3.293 3.268 3.319 3.272
0.0015467 -1.00000 10.00000 0.8452125192 2.4335689545    0.844  0.410  3.8018  4.113    1  0.000  0.530     0.00     0.00 -1 -3.06e-13      0.00 8.422e-01 1.567e-01 1.960e-04 5.390e-05 4.925e-04 -1.000 1.135e-03 3.745 4.045 3.568 3.268 3.156 3.131 3.183 3.135
0.0015467 -1.00000 10.00000 0.8500000238 2.4350347519    0.848  0.452  3.7995  4.065    1  0.000  0.530     0.00     0.00 -1 -3.55e-13      0.00 8.419e-01 1.570e-01 1.965e-04 5.405e-05 4.939e-04 -1.000 1.140e-03 3.641 3.946 3.462 3.158 3.044 3.018 3.072 3.022
0.0015467 -1.00000 10.00000 0.8509466648 2.4353225231    0.849  0.460  3.7991  4.056    1  0.000  0.530     0.00     0.00 -1 -3.66e-13      0.00 8.416e-01 1.572e-01 1.968e-04 5.413e-05 4.946e-04 -1.000 1.142e-03 3.620 3.926 3.441 3.137 3.022 2.996 3.051 3.000
0.0015467 -1.00000 10.00000 0.8520476818 2.4356560707    0.851  0.470  3.7984  4.043    1  0.000  0.530     0.00     0.00 -1 -3.82e-13      0.00 8.413e-01 1.575e-01 1.971e-04 5.423e-05 4.955e-04 -1.000 1.145e-03 3.595 3.902 3.415 3.110 2.994 2.968 3.023 2.972
0.0015467 -1.00000 10.00000 0.8530575037 2.4359610081    0.851  0.480  3.7974  4.029    2  0.000  0.530     0.00     0.00 -1 -3.96e-13      0.00 8.411e-01 1.578e-01 1.974e-04 5.431e-05 4.962e-04 -1.000 1.147e-03 3.569 3.879 3.389 3.082 2.966 2.939 2.995 2.944
0.0015467 -1.00000 10.00000 0.8571413755 2.4371864796    0.855  0.523  3.7917  3.965    2  0.000  0.530     0.00     0.00 -1 -4.68e-13      0.00 8.383e-01 1.605e-01 2.011e-04 5.532e-05 5.054e-04 -1.000 1.179e-03 3.461 3.784 3.277 2.961 2.839 2.810 2.871 2.815
0.0015467 -1.00000 10.00000 0.8600205183 2.4380424023    0.858  0.556  3.7849  3.907    2  0.000  0.531     0.00     0.00 -1 -5.39e-13      0.00 8.308e-01 1.680e-01 2.109e-04 5.798e-05 5.295e-04 -1.000 1.218e-03 3.379 3.719 3.191 2.863 2.735 2.703 2.771 2.709
0.0015467 -1.00000 10.00000 0.8621232510 2.4386632442    0.860  0.581  3.7774  3.853    2  0.000  0.532     0.00     0.00 -1 -6.07e-13      0.00 8.184e-01 1.803e-01 2.250e-04 6.178e-05 5.637e-04 -1.000 1.279e-03 3.317 3.678 3.126 2.785 2.650 2.615 2.690 2.623
0.0015467 -1.00000 10.00000 0.8637412786 2.4391386509    0.862  0.599  3.7693  3.803    2  0.000  0.533     0.00     0.00 -1  -6.7e-13      0.00 7.996e-01 1.991e-01 2.425e-04 6.648e-05 6.058e-04 -1.000 1.366e-03 3.272 3.656 3.079 2.724 2.580 2.541 2.624 2.550
0.0015467 -1.00000 10.00000 0.8650749326 2.4395289421    0.863  0.614  3.7606  3.755    2  0.000  0.535     0.00     0.00 -1 -7.33e-13      0.00 7.833e-01 2.153e-01 2.564e-04 7.021e-05 6.390e-04 -1.000 1.451e-03 3.235 3.646 3.040 2.670 2.518 2.475 2.566 2.486
0.0015467 -1.00000 10.00000 0.8662810326 2.4398806095    0.864  0.633  3.7516  3.700    2  0.000  0.536     0.00     0.00 -1 -8.14e-13      0.00 7.726e-01 2.259e-01 2.654e-04 7.260e-05 6.604e-04 -1.000 1.496e-03 3.188 3.631 2.995 2.609 2.448 2.400 2.501 2.414
0.0015467 -1.00000 10.00000 0.8673693538 2.4401972294    0.865  0.661  3.7437  3.641    2  0.000  0.536     0.00     0.00 -1 -9.29e-13      0.00 7.663e-01 2.322e-01 2.708e-04 7.404e-05 6.731e-04 -1.000 1.524e-03 3.117 3.588 2.928 2.528 2.358 2.306 2.416 2.322
0.0015467 -1.00000 10.00000 0.8683698177 2.4404873848    0.866  0.702  3.7376  3.576    2  0.000  0.537     0.00     0.00 -1  -1.1e-12      0.00 7.621e-01 2.364e-01 2.743e-04 7.496e-05 6.814e-04 -1.000 1.561e-03 3.016 3.511 2.831 2.421 2.244 2.189 2.306 2.206
0.0015467 -1.00000 10.00000 0.8689256310 2.4406480789    0.867  0.729  3.7347  3.538    2  0.000  0.537     0.00     0.00 -1 -1.22e-12      0.00 7.601e-01 2.384e-01 2.758e-04 7.538e-05 6.851e-04 -1.000 1.552e-03 2.948 3.454 2.766 2.350 2.170 2.114 2.234 2.132
0.0015467 -1.00000 10.00000 0.8691661358 2.4407176971    0.867  0.743  3.7337  3.519    2  0.000  0.537     0.00     0.00 -1 -1.29e-12      0.00 7.593e-01 2.392e-01 2.763e-04 7.551e-05 6.862e-04 -1.000 1.556e-03 2.912 3.422 2.730 2.313 2.132 2.075 2.197 2.094
0.0015467 -1.00000 10.00000 0.8698030114 2.4409015179    0.868  0.783  3.7312  3.470    3  0.000  0.537     0.00     0.00 -1 -1.49e-12      0.00 7.572e-01 2.413e-01 2.775e-04 7.584e-05 6.892e-04 -1.000 1.564e-03 2.811 3.331 2.632 2.211 2.027 1.968 2.093 1.988
0.0015467 -1.00000 10.00000 0.8704193830 2.4410793781    0.868  0.826  3.7291  3.419    3  0.000  0.537     0.00     0.00 -1 -1.74e-12      0.00 7.551e-01 2.433e-01 2.785e-04 7.613e-05 6.917e-04 -1.000 1.564e-03 2.705 3.234 2.528 2.103 1.918 1.857 1.985 1.878
0.0015467 -1.00000 10.00000 0.8710147142 2.4412505627    0.869  0.870  3.7273  3.368    3  0.000  0.537     0.00     0.00 -1 -2.05e-12      0.00 7.531e-01 2.453e-01 2.792e-04 7.640e-05 6.938e-04 -1.000 1.590e-03 2.594 3.130 2.419 1.991 1.803 1.742 1.872 1.763
0.0015467 -1.00000 10.00000 0.8716318607 2.4414279461    0.869  0.920  3.7255  3.311    3  0.000  0.536     0.00     0.00 -1 -2.45e-12      0.00 7.509e-01 2.475e-01 2.794e-04 7.676e-05 6.956e-04 -1.000 1.583e-03 2.470 3.013 2.297 1.866 1.676 1.613 1.745 1.635
0.0015467 -1.00000 10.00000 0.8721476197 2.4415760040    0.870  0.965  3.7240  3.260    3  0.000  0.533     0.00     0.00 -1 -2.89e-12      0.00 7.489e-01 2.495e-01 2.787e-04 7.742e-05 6.970e-04 -1.000 1.575e-03 2.356 2.906 2.186 1.752 1.560 1.497 1.631 1.519
0.0015467 -1.00000 10.00000 0.8726704717 2.4417257309    0.870  1.015  3.7224  3.204    3  0.000  0.529     0.00     0.00 -1 -3.45e-12      0.00 7.468e-01 2.516e-01 2.769e-04 7.897e-05 6.981e-04 -1.000 1.573e-03 2.233 2.789 2.064 1.627 1.434 1.369 1.505 1.392
0.0015467 -1.00000 10.00000 0.8731427193 2.4418609142    0.871  1.064  3.7208  3.150    3  0.000  0.523     0.00     0.00 -1  -4.1e-12      0.00 7.450e-01 2.534e-01 2.740e-04 8.176e-05 6.991e-04 -1.000 1.593e-03 2.111 2.674 1.944 1.505 1.310 1.244 1.382 1.268
0.0015467 -1.00000 10.00000 0.8735987544 2.4419913292    0.871  1.114  3.7192  3.092    3  0.000  0.516     0.00     0.00 -1 -4.93e-12      0.00 7.433e-01 2.551e-01 2.705e-04 8.554e-05 6.998e-04 -1.000 1.621e-03 1.984 2.554 1.819 1.377 1.180 1.113 1.254 1.138
0.0015467 -1.00000 10.00000 0.8739863634 2.4421019554    0.871  1.162  3.7176  3.039    3  0.000  0.509     0.00     0.00 -1 -5.84e-12      0.00 7.420e-01 2.564e-01 2.673e-04 8.939e-05 7.004e-04 -1.000 1.610e-03 1.866 2.443 1.703 1.259 1.060 0.992 1.134 1.017
0.0015467 -1.00000 10.00000 0.8743424416 2.4422035217    0.872  1.209  3.7159  2.985    3  0.000  0.503     0.00     0.00 -1 -6.93e-12      0.00 7.408e-01 2.576e-01 2.643e-04 9.312e-05 7.008e-04 -1.000 1.617e-03 1.747 2.333 1.587 1.140 0.939 0.870 1.014 0.895
0.0015467 -1.00000 10.00000 0.8746684194 2.4422962666    0.872  1.257  3.7142  2.931    3  0.000  0.498     0.00     0.00 -1 -8.23e-12      0.00 7.398e-01 2.586e-01 2.617e-04 9.632e-05 7.012e-04 -1.000 1.620e-03 1.629 2.223 1.472 1.021 0.818 0.747 0.894 0.774
0.0015467 -1.00000 10.00000 0.8749748468 2.4423835278    0.872  1.305  3.7124  2.875    3  0.000  0.494     0.00     0.00 -1 -9.81e-12      0.00 7.391e-01 2.593e-01 2.598e-04 9.871e-05 7.014e-04 -1.000 1.575e-03 1.507 2.110 1.353 0.899 0.693 0.622 0.771 0.649
0.0015467 -1.00000 10.00000 0.8752332330 2.4424571991    0.872  1.350  3.7107  2.824    3  0.000  0.492     0.00     0.00 -1 -1.15e-11      0.00 7.387e-01 2.598e-01 2.586e-04 1.003e-04 7.016e-04 -1.000 1.557e-03 1.396 2.008 1.245 0.787 0.579 0.507 0.659 0.535
0.0015467 -1.00000 10.00000 0.8754820228 2.4425277710    0.872  1.396  3.7088  2.770    3  0.000  0.490     0.00     0.00 -1 -1.37e-11      0.00 7.383e-01 2.601e-01 2.576e-04 1.016e-04 7.017e-04 -1.000 1.584e-03 1.280 1.901 1.131 0.670 0.460 0.386 0.541 0.415
0.0015467 -1.00000 10.00000 0.8757130504 2.4425935745    0.872  1.443  3.7068  2.715    3  0.000  0.489     0.00     0.00 -1 -1.62e-11      0.00 7.381e-01 2.603e-01 2.572e-04 1.022e-04 7.018e-04 -1.000 1.564e-03 1.162 1.794 1.017 0.552 0.340 0.265 0.422 0.294
0.0015467 -1.00000 10.00000 0.8759204745 2.4426524639    0.872  1.489  3.7049  2.661    3  0.000  0.488     0.00     0.00 -1 -1.92e-11      0.00 7.380e-01 2.604e-01 2.569e-04 1.025e-04 7.018e-04 -1.000 1.596e-03 1.047 1.689 0.906 0.437 0.222 0.145 0.305 0.176
0.0015467 -1.00000 10.00000 0.8761111498 2.4427065849    0.872  1.535  3.7028  2.607    3  0.000  0.488     0.00     0.00 -1 -2.27e-11      0.00 7.379e-01 2.605e-01 2.568e-04 1.026e-04 7.018e-04 -1.000 1.596e-03 0.931 1.585 0.794 0.321 0.104 0.026 0.189 0.057
0.0015467 -1.00000 10.00000 0.8762752414 2.4427530766    0.872  1.578  3.7009  2.556    3  0.000  0.488     0.00     0.00 -1 -2.66e-11      0.00 7.379e-01 2.605e-01 2.568e-04 1.027e-04 7.018e-04 -1.000 1.596e-03 0.824 1.488 0.691 0.214 -0.006 -0.086 0.080 -0.053
0.0015467 -1.00000 10.00000 0.8764352798 2.4427983761    0.872  1.624  3.6988  2.502    3  0.000  0.488     0.00     0.00 -1 -3.14e-11      0.00 7.379e-01 2.605e-01 2.568e-04 1.027e-04 7.018e-04 -1.000 1.595e-03 0.710 1.387 0.582 0.101 -0.122 -0.203 -0.034 -0.169
0.0015467 -1.00000 10.00000 0.8765770793 2.4428386688    0.872  1.667  3.6967  2.450    3  0.000  0.488     0.00     0.00 -1 -3.69e-11      0.00 7.379e-01 2.605e-01 2.567e-04 1.028e-04 7.019e-04 -1.000 1.595e-03 0.601 1.291 0.477 -0.009 -0.234 -0.316 -0.145 -0.282
0.0015467 -1.00000 10.00000 0.8767107725 2.4428765774    0.872  1.712  3.6945  2.397    3  0.000  0.488     0.00     0.00 -1 -4.34e-11      0.00 7.379e-01 2.605e-01 2.567e-04 1.028e-04 7.019e-04 -1.000 1.595e-03 0.490 1.193 0.370 -0.120 -0.348 -0.432 -0.257 -0.396
0.0015467 -1.00000 10.00000 0.8768336177 2.4429113865    0.872  1.756  3.6922  2.344    3  0.000  0.488     0.00     0.00 -1 -5.11e-11      0.00 7.379e-01 2.605e-01 2.567e-04 1.028e-04 7.019e-04 -1.000 1.595e-03 0.381 1.097 0.264 -0.231 -0.461 -0.546 -0.369 -0.510
0.0015467 -1.00000 10.00000 0.8769441843 2.4429426193    0.872  1.798  3.6900  2.293    3  0.000  0.488     0.00     0.00 -1 -5.97e-11      0.00 7.379e-01 2.605e-01 2.567e-04 1.029e-04 7.019e-04 -1.000 1.595e-03 0.275 1.005 0.162 -0.336 -0.569 -0.656 -0.476 -0.619
0.0015467 -1.00000 10.00000 0.8770527244 2.4429733753    0.872  1.841  3.6877  2.241    3  0.000  0.488     0.00     0.00 -1    -7e-11      0.00 7.379e-01 2.605e-01 2.566e-04 1.029e-04 7.019e-04 -1.000 1.595e-03 0.168 0.913 0.061 -0.443 -0.679 -0.768 -0.583 -0.729
0.0015467 -1.00000 10.00000 0.8771554232 2.4430024624    0.872  1.879  3.6857  2.195    3  0.000  0.488     0.00     0.00 -1 -8.06e-11      0.00 7.379e-01 2.605e-01 2.566e-04 1.029e-04 7.019e-04 -1.000 1.595e-03 0.073 0.832 -0.029 -0.537 -0.775 -0.866 -0.678 -0.826
0.0015467 -1.00000 10.00000 0.8772864342 2.4430394173    0.871  1.914  3.6840  2.152    3  0.000  0.488     0.00     0.00 -1 -9.23e-11      0.00 7.379e-01 2.605e-01 2.566e-04 1.029e-04 7.019e-04 -1.000 1.594e-03 -0.015 0.756 -0.113 -0.624 -0.865 -0.957 -0.767 -0.916
0.0015467 -1.00000 10.00000 0.8773655295 2.4430618286    0.871  1.892  3.6856  2.181    3  0.000  0.488     0.00     0.00 -1 -8.55e-11      0.00 7.379e-01 2.605e-01 2.566e-04 1.030e-04 7.019e-04 -1.000 1.594e-03 0.041 0.801 -0.061 -0.569 -0.808 -0.898 -0.711 -0.858
0.0015467 -1.00000 10.00000 0.8774034977 2.4430725574    0.871  1.878  3.6866  2.199    3  0.000  0.488     0.00     0.00 -1 -8.12e-11      0.00 7.379e-01 2.606e-01 2.566e-04 1.030e-04 7.019e-04 -1.000 1.594e-03 0.076 0.829 -0.029 -0.535 -0.772 -0.862 -0.676 -0.823
0.0015467 -1.00000 10.00000 0.8774725795 2.4430921078    0.871  1.915  3.6845  2.153    3  0.000  0.488     0.00     0.00 -1 -9.21e-11      0.00 7.379e-01 2.606e-01 2.566e-04 1.030e-04 7.019e-04 -1.000 1.594e-03 -0.017 0.750 -0.116 -0.626 -0.866 -0.958 -0.769 -0.917
0.0015467 -1.00000 10.00000 0.8775488734 2.4431138039    0.871  1.956  3.6822  2.102    3  0.000  0.488     0.00     0.00 -1 -1.07e-10      0.00 7.378e-01 2.606e-01 2.566e-04 1.030e-04 7.019e-04 -1.000 1.594e-03 -0.121 0.663 -0.214 -0.729 -0.972 -1.065 -0.873 -1.024
0.0015467 -1.00000 10.00000 0.8776224852 2.4431345463    0.870  1.999  3.6797  2.050    3  0.000  0.487     0.00     0.00 -1 -1.25e-10      0.00 7.378e-01 2.606e-01 2.565e-04 1.030e-04 7.019e-04 -1.000 1.594e-03 -0.227 0.574 -0.314 -0.834 -1.080 -1.175 -0.979 -1.132
0.0015467 -1.00000 10.00000 0.8776897788 2.4431536198    0.870  2.040  3.6773  1.999    3  0.000  0.487     0.00     0.00 -1 -1.46e-10      0.00 7.378e-01 2.606e-01 2.565e-04 1.030e-04 7.019e-04 -1.000 1.594e-03 -0.330 0.489 -0.411 -0.936 -1.186 -1.282 -1.082 -1.238
0.0015467 -1.00000 10.00000 0.8777534962 2.4431715012    0.870  2.082  3.6748  1.947    3  0.000  0.487     0.00     0.00 -1 -1.71e-10      0.00 7.378e-01 2.606e-01 2.565e-04 1.031e-04 7.019e-04 -1.000 1.594e-03 -0.434 0.405 -0.515 -1.044 -1.295 -1.393 -1.189 -1.345
0.0015467 -1.00000 10.00000 0.8778109550 2.4431877136    0.869  2.122  3.6722  1.896    3  0.000  0.487     0.00     0.00 -1 -1.99e-10      0.00 7.378e-01 2.606e-01 2.565e-04 1.031e-04 7.019e-04 -1.000 1.594e-03 -0.536 0.325 -0.613 -1.146 -1.401 -1.500 -1.292 -1.449
0.0015467 -1.00000 10.00000 0.8778643012 2.4432027340    0.869  2.163  3.6697  1.845    3  0.000  0.487     0.00     0.00 -1 -2.32e-10      0.00 7.378e-01 2.606e-01 2.565e-04 1.031e-04 7.019e-04 -1.000 1.594e-03 -0.638 0.245 -0.711 -1.248 -1.506 -1.606 -1.394 -1.553
0.0015467 -1.00000 10.00000 0.8779132962 2.4432165623    0.869  2.203  3.6671  1.794    3  0.000  0.487     0.00     0.00 -1  -2.7e-10      0.00 7.378e-01 2.606e-01 2.565e-04 1.031e-04 7.019e-04 -1.000 1.594e-03 -0.738 0.169 -0.806 -1.348 -1.609 -1.711 -1.494 -1.654
0.0015467 -1.00000 10.00000 0.8779586554 2.4432294369    0.868  2.243  3.6646  1.744    3  0.000  0.487     0.00     0.00 -1 -3.14e-10      0.00 7.378e-01 2.606e-01 2.565e-04 1.031e-04 7.019e-04 -1.000 1.594e-03 -0.838 0.094 -0.901 -1.448 -1.711 -1.815 -1.593 -1.754
0.0015467 -1.00000 10.00000 0.8779998422 2.4432411194    0.868  2.282  3.6620  1.694    3  0.000  0.487     0.00     0.00 -1 -3.64e-10      0.00 7.378e-01 2.606e-01 2.565e-04 1.031e-04 7.020e-04 -1.000 1.593e-03 -0.936 0.022 -0.992 -1.544 -1.811 -1.915 -1.689 -1.851
0.0015467 -1.00000 10.00000 0.8780387640 2.4432520866    0.867  2.322  3.6594  1.644    3  0.000  0.487     0.00     0.00 -1 -4.22e-10      0.00 7.378e-01 2.606e-01 2.565e-04 1.031e-04 7.020e-04 -1.000 1.593e-03 -1.034 -0.050 -1.084 -1.641 -1.911 -2.017 -1.785 -1.949
0.0015467 -1.00000 10.00000 0.8780742288 2.4432621002    0.866  2.360  3.6568  1.594    3  0.000  0.487     0.00     0.00 -1 -4.89e-10      0.00 7.378e-01 2.606e-01 2.565e-04 1.031e-04 7.020e-04 -1.000 1.593e-03 -1.131 -0.121 -1.169 -1.733 -2.008 -2.116 -1.878 -2.045
0.0015467 -1.00000 10.00000 0.8781071305 2.4432713985    0.866  2.399  3.6541  1.545    3  0.000  0.487     0.00     0.00 -1 -5.65e-10      0.00 7.378e-01 2.606e-01 2.564e-04 1.032e-04 7.020e-04 -1.000 1.593e-03 -1.227 -0.189 -1.257 -1.826 -2.105 -2.214 -1.971 -2.139
0.0015467 -1.00000 10.00000 0.8781372905 2.4432799816    0.865  2.436  3.6515  1.497    3  0.000  0.487     0.00     0.00 -1 -6.52e-10      0.00 7.378e-01 2.606e-01 2.564e-04 1.032e-04 7.020e-04 -1.000 1.593e-03 -1.321 -0.254 -1.342 -1.917 -2.199 -2.310 -2.061 -2.230
0.0015467 -1.00000 10.00000 0.8781717420 2.4432895184    0.864  2.483  3.6482  1.436    3  0.000  0.487     0.00     0.00 -1 -7.78e-10      0.00 7.378e-01 2.606e-01 2.564e-04 1.032e-04 7.020e-04 -1.000 1.593e-03 -1.438 -0.332 -1.443 -2.027 -2.316 -2.428 -2.172 -2.345
0.0015467 -1.00000 10.00000 0.8781976104 2.4432969093    0.863  2.521  3.6456  1.388    3  0.000  0.487     0.00     0.00 -1 -8.98e-10      0.00 7.378e-01 2.606e-01 2.564e-04 1.032e-04 7.020e-04 -1.000 1.593e-03 -1.532 -0.393 -1.524 -2.116 -2.409 -2.523 -2.262 -2.438
0.0015467 -1.00000 10.00000 0.8782261610 2.4433050156    0.862  2.565  3.6423  1.330    3  0.000  0.487     0.00     0.00 -1 -1.06e-09      0.00 7.378e-01 2.606e-01 2.564e-04 1.032e-04 7.020e-04 -1.000 1.593e-03 -1.643 -0.465 -1.618 -2.220 -2.518 -2.635 -2.367 -2.547
0.0015467 -1.00000 10.00000 0.8782530427 2.4433126450    0.861  2.611  3.6390  1.271    3  0.000  0.487     0.00     0.00 -1 -1.27e-09      0.00 7.378e-01 2.606e-01 2.564e-04 1.032e-04 7.020e-04 -1.000 1.593e-03 -1.756 -0.538 -1.715 -2.326 -2.630 -2.750 -2.474 -2.658
0.0015467 -1.00000 10.00000 0.8782734275 2.4433183670    0.860  2.647  3.6363  1.222    3  0.000  0.487     0.00     0.00 -1 -1.46e-09      0.00 7.378e-01 2.606e-01 2.564e-04 1.032e-04 7.020e-04 -1.000 1.593e-03 -1.848 -0.594 -1.791 -2.411 -2.720 -2.842 -2.561 -2.748
0.0015467 -1.00000 10.00000 0.8782956600 2.4433245659    0.859  2.690  3.6331  1.166    3  0.000  0.487     0.00     0.00 -1 -1.72e-09      0.00 7.378e-01 2.606e-01 2.564e-04 1.032e-04 7.020e-04 -1.000 1.593e-03 -1.956 -0.659 -1.880 -2.510 -2.825 -2.950 -2.662 -2.853
0.0015467 -1.00000 10.00000 0.8783168197 2.4433305264    0.857  2.734  3.6298  1.108    3  0.000  0.487     0.00     0.00 -1 -2.03e-09      0.00 7.378e-01 2.606e-01 2.564e-04 1.032e-04 7.020e-04 -1.000 1.593e-03 -2.066 -0.726 -1.970 -2.612 -2.933 -3.060 -2.764 -2.960
0.0015467 -1.00000 10.00000 0.8783368468 2.4433362484    0.855  2.779  3.6264  1.048    3  0.000  0.487     0.00     0.00 -1 -2.42e-09      0.00 7.378e-01 2.606e-01 2.564e-04 1.032e-04 7.020e-04 -1.000 1.593e-03 -2.178 -0.789 -2.060 -2.713 -3.041 -3.171 -2.868 -3.068
0.0015467 -1.00000 10.00000 0.8783540130 2.4433410168    0.854  2.820  3.6231  0.994    3  0.000  0.487     0.00     0.00 -1 -2.83e-09      0.00 7.378e-01 2.606e-01 2.564e-04 1.032e-04 7.020e-04 -1.000 1.593e-03 -2.280 -0.845 -2.141 -2.805 -3.139 -3.272 -2.962 -3.167
0.0015467 -1.00000 10.00000 0.8783704638 2.4433457851    0.852  2.862  3.6199  0.938    3  0.000  0.487     0.00     0.00 -1 -3.33e-09      0.00 7.378e-01 2.606e-01 2.564e-04 1.032e-04 7.020e-04 -1.000 1.593e-03 -2.385 -0.899 -2.223 -2.900 -3.241 -3.377 -3.059 -3.269
0.0015467 -1.00000 10.00000 0.8783860207 2.4433500767    0.849  2.905  3.6165  0.880    3  0.000  0.487     0.00     0.00 -1 -3.93e-09      0.00 7.378e-01 2.606e-01 2.564e-04 1.032e-04 7.020e-04 -1.000 1.593e-03 -2.492 -0.949 -2.304 -2.995 -3.343 -3.482 -3.157 -3.372
0.0015467 -1.00000 10.00000 0.8784000874 2.4433541298    0.847  2.946  3.6133  0.825    3  0.000  0.487     0.00     0.00 -1 -4.61e-09      0.00 7.378e-01 2.606e-01 2.564e-04 1.032e-04 7.020e-04 -1.000 1.593e-03 -2.595 -0.998 -2.383 -3.087 -3.442 -3.584 -3.251 -3.472
0.0015467 -1.00000 10.00000 0.8784130216 2.4433577061    0.844  2.987  3.6101  0.770    3  0.000  0.487     0.00     0.00 -1 -5.41e-09      0.00 7.378e-01 2.606e-01 2.564e-04 1.032e-04 7.020e-04 -1.000 1.593e-03 -2.696 -1.045 -2.459 -3.177 -3.538 -3.684 -3.343 -3.570
0.0015467 -1.00000 10.00000 0.8784251809 2.4433610439    0.842  3.027  3.6069  0.716    3  0.000  0.487     0.00     0.00 -1 -6.33e-09      0.00 7.378e-01 2.606e-01 2.564e-04 1.032e-04 7.020e-04 -1.000 1.593e-03 -2.798 -1.089 -2.533 -3.266 -3.634 -3.783 -3.435 -3.667
0.0015467 -1.00000 10.00000 0.8784369230 2.4433643818    0.839  3.068  3.6036  0.659    3  0.000  0.487     0.00     0.00 -1 -7.44e-09      0.00 7.378e-01 2.606e-01 2.564e-04 1.032e-04 7.020e-04 -1.000 1.593e-03 -2.901 -1.132 -2.608 -3.356 -3.731 -3.884 -3.529 -3.766
0.0015467 -1.00000 10.00000 0.8784471154 2.4433672428    0.835  3.107  3.6004  0.607    3  0.000  0.487     0.00     0.00 -1 -8.65e-09      0.00 7.378e-01 2.606e-01 2.564e-04 1.032e-04 7.020e-04 -1.000 1.593e-03 -2.997 -1.170 -2.676 -3.439 -3.821 -3.977 -3.615 -3.858
0.0015467 -1.00000 10.00000 0.8784570694 2.4433701038    0.832  3.146  3.5973  0.553    3  0.000  0.487     0.00     0.00 -1 -1.01e-08      0.00 7.378e-01 2.606e-01 2.564e-04 1.032e-04 7.020e-04 -1.000 1.593e-03 -3.096 -1.208 -2.745 -3.524 -3.914 -4.074 -3.704 -3.952
0.0015467 -1.00000 10.00000 0.8784664273 2.4433727264    0.827  3.186  3.5941  0.498    3  0.000  0.487     0.00     0.00 -1 -1.18e-08      0.00 7.378e-01 2.606e-01 2.564e-04 1.033e-04 7.020e-04 -1.000 1.593e-03 -3.195 -1.244 -2.813 -3.608 -4.006 -4.169 -3.792 -4.046
0.0015467 -1.00000 10.00000 0.8784751296 2.4433751106    0.823  3.224  3.5909  0.445    3  0.000  0.487     0.00     0.00 -1 -1.38e-08      0.00 7.378e-01 2.606e-01 2.564e-04 1.033e-04 7.020e-04 -1.000 1.593e-03 -3.290 -1.270 -2.875 -3.689 -4.095 -4.262 -3.877 -4.138
0.0015467 -1.00000 10.00000 0.8784830570 2.4433774948    0.818  3.261  3.5877  0.393    3  0.000  0.487     0.00     0.00 -1 -1.59e-08      0.00 7.378e-01 2.606e-01 2.564e-04 1.033e-04 7.020e-04 -1.000 1.593e-03 -3.383 -1.292 -2.932 -3.767 -4.180 -4.352 -3.959 -4.226
0.0015467 -1.00000 10.00000 0.8784903884 2.4433796406    0.813  3.297  3.5847  0.343    3  0.000  0.487     0.00     0.00 -1 -1.84e-08      0.00 7.378e-01 2.606e-01 2.564e-04 1.033e-04 7.020e-04 -1.000 1.593e-03 -3.471 -1.311 -2.986 -3.840 -4.263 -4.438 -4.038 -4.311
0.0015467 -1.00000 10.00000 0.8784977198 2.4433815479    0.808  3.331  3.5817  0.293    3  0.000  0.487     0.00     0.00 -1 -2.13e-08      0.00 7.378e-01 2.606e-01 2.564e-04 1.033e-04 7.020e-04 -1.000 1.593e-03 -3.559 -1.330 -3.038 -3.913 -4.343 -4.523 -4.116 -4.394
0.0015467 -1.00000 10.00000 0.8784993291 2.4433820248    0.806  3.338  3.5811  0.282    3  0.000  0.487     0.00     0.00 -1  -2.2e-08      0.00 7.378e-01 2.606e-01 2.564e-04 1.033e-04 7.020e-04 -1.000 1.593e-03 -3.576 -1.333 -3.048 -3.927 -4.359 -4.539 -4.131 -4.411
0.0015467 -1.00000 10.00000 0.8784993291 2.4433820248    0.806  1.750  3.7280  2.458    4  0.000  0.511     0.00     0.00 -1    -1e-30      0.00 7.384e-01 2.600e-01 2.694e-04 8.980e-05 7.043e-04 -1.000 1.574e-03 0.394 0.917 0.221 -0.204 -0.393 -0.455 -0.323 -0.433
0.0015467 -1.00000 10.00000 0.8785634041 2.4434001446    0.806  1.766  3.7269  2.438    4  0.000  0.511     0.00     0.00 -1    -1e-30      0.00 7.384e-01 2.600e-01 2.694e-04 8.981e-05 7.043e-04 -1.000 1.574e-03 0.355 0.884 0.183 -0.244 -0.434 -0.497 -0.364 -0.474
0.0015467 -1.00000 10.00000 0.8786266446 2.4434180260    0.806  1.769  3.7267  2.434    4  0.000  0.511     0.00     0.00 -1    -1e-30      0.00 7.384e-01 2.600e-01 2.694e-04 8.982e-05 7.043e-04 -1.000 1.574e-03 0.347 0.876 0.175 -0.252 -0.442 -0.506 -0.372 -0.483
0.0015467 -1.00000 10.00000 0.8786907792 2.4434359074    0.806  1.771  3.7268  2.433    4  0.000  0.511     0.00     0.00 -1    -1e-30      0.00 7.384e-01 2.600e-01 2.694e-04 8.983e-05 7.043e-04 -1.000 1.574e-03 0.342 0.871 0.170 -0.257 -0.447 -0.510 -0.377 -0.488
0.0015467 -1.00000 10.00000 0.8787565827 2.4434545040    0.806  1.772  3.7271  2.433    4  0.000  0.511     0.00     0.00 -1    -1e-30      0.00 7.384e-01 2.600e-01 2.694e-04 8.984e-05 7.043e-04 -1.000 1.574e-03 0.341 0.868 0.168 -0.258 -0.448 -0.512 -0.378 -0.489
0.0015467 -1.00000 10.00000 0.8788226247 2.4434731007    0.807  1.772  3.7275  2.435    4  0.000  0.511     0.00     0.00 -1    -1e-30      0.00 7.384e-01 2.600e-01 2.694e-04 8.985e-05 7.043e-04 -1.000 1.574e-03 0.341 0.866 0.168 -0.258 -0.447 -0.510 -0.377 -0.487
0.0015467 -1.00000 10.00000 0.8788891435 2.4434919357    0.807  1.771  3.7281  2.438    4  0.000  0.511     0.00     0.00 -1    -1e-30      0.00 7.384e-01 2.601e-01 2.694e-04 8.987e-05 7.044e-04 -1.000 1.574e-03 0.343 0.866 0.169 -0.255 -0.444 -0.507 -0.375 -0.484
0.0015467 -1.00000 10.00000 0.8789554238 2.4435105324    0.807  1.770  3.7287  2.442    4  0.000  0.511     0.00     0.00 -1    -1e-30      0.00 7.384e-01 2.601e-01 2.694e-04 8.988e-05 7.044e-04 -1.000 1.574e-03 0.345 0.865 0.171 -0.252 -0.440 -0.503 -0.371 -0.480
0.0015467 -1.00000 10.00000 0.8790204525 2.4435288906    0.807  1.769  3.7294  2.446    4  0.000  0.511     0.00     0.00 -1    -1e-30      0.00 7.384e-01 2.601e-01 2.694e-04 8.989e-05 7.044e-04 -1.000 1.574e-03 0.348 0.865 0.173 -0.249 -0.436 -0.498 -0.368 -0.476
0.0015467 -1.00000 10.00000 0.8790846467 2.4435470104    0.807  1.768  3.7300  2.449    4  0.000  0.511     0.00     0.00 -1    -1e-30      0.00 7.384e-01 2.601e-01 2.694e-04 8.990e-05 7.044e-04 -1.000 1.575e-03 0.351 0.865 0.175 -0.246 -0.432 -0.494 -0.364 -0.472
0.0015467 -1.00000 10.00000 0.8791528344 2.4435660839    0.807  1.767  3.7306  2.453    4  0.000  0.511     0.00     0.00 -1    -1e-30      0.00 7.383e-01 2.601e-01 2.694e-04 8.991e-05 7.044e-04 -1.000 1.575e-03 0.353 0.864 0.177 -0.242 -0.429 -0.490 -0.361 -0.468
0.0015467 -1.00000 10.00000 0.8792218566 2.4435856342    0.807  1.766  3.7312  2.456    4  0.000  0.511     0.00     0.00 -1    -1e-30      0.00 7.383e-01 2.601e-01 2.694e-04 8.992e-05 7.044e-04 -1.000 1.575e-03 0.355 0.864 0.179 -0.240 -0.425 -0.486 -0.358 -0.465
0.0015467 -1.00000 10.00000 0.8792891502 2.4436044693    0.807  1.765  3.7318  2.459    4  0.000  0.511     0.00     0.00 -1    -1e-30      0.00 7.383e-01 2.601e-01 2.694e-04 8.993e-05 7.044e-04 -1.000 1.575e-03 0.357 0.863 0.180 -0.237 -0.422 -0.483 -0.355 -0.462
0.0015467 -1.00000 10.00000 0.8793550730 2.4436230659    0.807  1.765  3.7323  2.461    4  0.000  0.511     0.00     0.00 -1    -1e-30      0.00 7.383e-01 2.601e-01 2.694e-04 8.994e-05 7.044e-04 -1.000 1.575e-03 0.358 0.862 0.181 -0.236 -0.420 -0.480 -0.353 -0.459
0.0015467 -1.00000 10.00000 0.8794193864 2.4436411858    0.807  1.764  3.7327  2.463    4  0.000  0.511     0.00     0.00 -1    -1e-30      0.00 7.383e-01 2.601e-01 2.694e-04 8.996e-05 7.044e-04 -1.000 1.575e-03 0.359 0.861 0.182 -0.234 -0.418 -0.478 -0.351 -0.457
0.0015467 -1.00000 10.00000 0.8794264793 2.4436430931    0.807  1.764  3.7327  2.464    4  0.000  0.511     0.00     0.00 -1    -1e-30      0.00 7.383e-01 2.601e-01 2.694e-04 8.996e-05 7.044e-04 -1.000 1.575e-03 0.359 0.861 0.182 -0.234 -0.418 -0.478 -0.351 -0.457
0.0015467 -1.00000 10.00000 0.8794829845 2.4436590672    0.807  1.764  3.7330  2.465    4  0.000  0.511     0.00     0.00 -1    -1e-30      0.00 7.383e-01 2.601e-01 2.694e-04 8.997e-05 7.044e-04 -1.000 1.575e-03 0.360 0.860 0.182 -0.234 -0.417 -0.477 -0.351 -0.456
0.0015467 -1.00000 10.00000 0.8795506954 2.4436781406    0.807  1.764  3.7333  2.466    4  0.000  0.511     0.00     0.00 -1    -1e-30      0.00 7.383e-01 2.601e-01 2.693e-04 8.998e-05 7.044e-04 -1.000 1.575e-03 0.359 0.858 0.181 -0.234 -0.417 -0.477 -0.351 -0.456
0.0015467 -1.00000 10.00000 0.8796159625 2.4436964989    0.807  1.765  3.7335  2.466    4  0.000  0.511     0.00     0.00 -1    -1e-30      0.00 7.383e-01 2.601e-01 2.693e-04 8.999e-05 7.045e-04 -1.000 1.575e-03 0.358 0.857 0.180 -0.234 -0.417 -0.477 -0.351 -0.456
0.0015467 -1.00000 10.00000 0.8796805143 2.4437146187    0.808  1.765  3.7336  2.466    4  0.000  0.511     0.00     0.00 -1    -1e-30      0.00 7.383e-01 2.601e-01 2.693e-04 9.000e-05 7.045e-04 -1.000 1.575e-03 0.357 0.855 0.178 -0.236 -0.419 -0.478 -0.352 -0.458
0.0015467 -1.00000 10.00000 0.8797495365 2.4437339306    0.808  1.766  3.7337  2.466    4  0.000  0.511     0.00     0.00 -1    -1e-30      0.00 7.383e-01 2.601e-01 2.693e-04 9.001e-05 7.045e-04 -1.000 1.575e-03 0.354 0.852 0.176 -0.238 -0.421 -0.480 -0.355 -0.460
0.0015467 -1.00000 10.00000 0.8798171878 2.4437530041    0.808  1.768  3.7336  2.464    4  0.000  0.511     0.00     0.00 -1    -1e-30      0.00 7.383e-01 2.601e-01 2.693e-04 9.002e-05 7.045e-04 -1.000 1.576e-03 0.351 0.849 0.173 -0.242 -0.425 -0.484 -0.358 -0.464
0.0015467 -1.00000 10.00000 0.8798875213 2.4437727928    0.808  1.769  3.7334  2.461    4  0.000  0.511     0.00     0.00 -1    -1e-30      0.00 7.383e-01 2.602e-01 2.693e-04 9.003e-05 7.045e-04 -1.000 1.576e-03 0.346 0.845 0.168 -0.247 -0.430 -0.489 -0.363 -0.469
0.0015467 -1.00000 10.00000 0.8798942566 2.4437747002    0.808  1.770  3.7333  2.461    4  0.000  0.511     0.00     0.00 -1    -1e-30      0.00 7.383e-01 2.602e-01 2.693e-04 9.004e-05 7.045e-04 -1.000 1.576e-03 0.346 0.845 0.168 -0.247 -0.430 -0.490 -0.364 -0.469
0.0015467 -1.00000 10.00000 0.8799499273 2.4437904358    0.808  1.772  3.7331  2.458    4  0.000  0.511     0.00     0.00 -1    -1e-30      0.00 7.383e-01 2.602e-01 2.693e-04 9.005e-05 7.045e-04 -1.000 1.576e-03 0.341 0.841 0.163 -0.252 -0.436 -0.495 -0.369 -0.475
0.0015467 -1.00000 10.00000 0.8800134659 2.4438080788    0.808  1.774  3.7327  2.454    4  0.000  0.511     0.00     0.00 -1    -1e-30      0.00 7.383e-01 2.602e-01 2.693e-04 9.006e-05 7.045e-04 -1.000 1.576e-03 0.335 0.836 0.157 -0.259 -0.443 -0.503 -0.376 -0.482
0.0015467 -1.00000 10.00000 0.8800739646 2.4438252449    0.808  1.777  3.7323  2.450    4  0.000  0.511     0.00     0.00 -1    -1e-30      0.00 7.383e-01 2.602e-01 2.693e-04 9.007e-05 7.045e-04 -1.000 1.576e-03 0.328 0.831 0.150 -0.266 -0.450 -0.511 -0.384 -0.490
0.0015467 -1.00000 10.00000 0.8801341057 2.4438419342    0.808  1.780  3.7319  2.445    4  0.000  0.511     0.00     0.00 -1    -1e-30      0.00 7.382e-01 2.602e-01 2.693e-04 9.008e-05 7.045e-04 -1.000 1.576e-03 0.321 0.826 0.144 -0.274 -0.459 -0.519 -0.391 -0.498
0.0015467 -1.00000 10.00000 0.8801950216 2.4438591003    0.808  1.784  3.7311  2.438    4  0.000  0.511     0.00     0.00 -1    -1e-30      0.00 7.382e-01 2.602e-01 2.693e-04 9.009e-05 7.045e-04 -1.000 1.576e-03 0.310 0.819 0.133 -0.285 -0.471 -0.532 -0.403 -0.511
0.0015467 -1.00000 10.00000 0.8802552819 2.4438760281    0.808  1.789  3.7304  2.430    4  0.000  0.511     0.00     0.00 -1    -1e-30      0.00 7.382e-01 2.602e-01 2.693e-04 9.010e-05 7.046e-04 -1.000 1.576e-03 0.299 0.810 0.122 -0.298 -0.484 -0.546 -0.416 -0.524
0.0015467 -1.00000 10.00000 0.8803151250 2.4438929558    0.808  1.794  3.7296  2.422    4  0.000  0.511     0.00     0.00 -1    -1e-30      0.00 7.382e-01 2.602e-01 2.693e-04 9.011e-05 7.046e-04 -1.000 1.576e-03 0.286 0.801 0.110 -0.311 -0.498 -0.560 -0.430 -0.538
0.0015467 -1.00000 10.00000 0.8803758025 2.4439098835    0.808  1.797  3.7291  2.417    4  0.000  0.511     0.00     0.00 -1    -1e-30      0.00 7.382e-01 2.602e-01 2.693e-04 9.012e-05 7.046e-04 -1.000 1.576e-03 0.278 0.795 0.102 -0.320 -0.508 -0.570 -0.439 -0.548
0.0015467 -1.00000 10.00000 0.8804416060 2.4439282417    0.808  1.805  3.7279  2.405    4  0.000  0.511     0.00     0.00 -1    -1e-30      0.00 7.382e-01 2.602e-01 2.693e-04 9.013e-05 7.046e-04 -1.000 1.576e-03 0.258 0.781 0.084 -0.341 -0.530 -0.592 -0.460 -0.570
0.0015467 -1.00000 10.00000 0.8805014491 2.4439451694    0.808  1.814  3.7265  2.389    4  0.000  0.511     0.00     0.00 -1    -1e-30      0.00 7.382e-01 2.602e-01 2.693e-04 9.014e-05 7.046e-04 -1.000 1.577e-03 0.234 0.764 0.061 -0.366 -0.556 -0.620 -0.486 -0.597
0.0015467 -1.00000 10.00000 0.8805630803 2.4439623356    0.808  1.829  3.7244  2.366    4  0.000  0.511     0.00     0.00 -1    -1e-30      0.00 7.382e-01 2.602e-01 2.693e-04 9.015e-05 7.046e-04 -1.000 1.577e-03 0.196 0.736 0.025 -0.406 -0.599 -0.664 -0.527 -0.640
0.0015467 -1.00000 10.00000 0.8806235194 2.4439792633    0.809  1.857  3.7207  2.324    4  0.000  0.510     0.00     0.00 -1    -1e-30      0.00 7.382e-01 2.602e-01 2.693e-04 9.016e-05 7.046e-04 -1.000 1.577e-03 0.128 0.684 -0.040 -0.478 -0.675 -0.742 -0.601 -0.717
0.0015467 -1.00000 10.00000 0.8806653619 2.4439911842    0.809  1.892  3.7162  2.270    4  0.000  0.510     0.00     0.00 -1    -1e-30      0.00 7.382e-01 2.602e-01 2.693e-04 9.017e-05 7.046e-04 -1.000 1.577e-03 0.039 0.619 -0.123 -0.570 -0.771 -0.841 -0.695 -0.815
0.0015467 -1.00000 10.00000 0.8806852698 2.4439966679    0.809  1.929  3.7119  2.217    4  0.000  0.510     0.00     0.00 -1    -1e-30      0.00 7.382e-01 2.602e-01 2.693e-04 9.017e-05 7.046e-04 -1.000 1.577e-03 -0.052 0.551 -0.208 -0.663 -0.870 -0.943 -0.791 -0.915
0.0015467 -1.00000 10.00000 0.8806947470 2.4439992905    0.809  1.967  3.7074  2.160    4  0.000  0.510     0.00     0.00 -1    -1e-30      0.00 7.382e-01 2.602e-01 2.693e-04 9.017e-05 7.046e-04 -1.000 1.577e-03 -0.148 0.479 -0.297 -0.762 -0.974 -1.049 -0.892 -1.019
0.0015467 -1.00000 10.00000 0.8806989193 2.4440004826    0.809  2.005  3.7033  2.106    4  0.000  0.510     0.00     0.00 -1    -1e-30      0.00 7.382e-01 2.602e-01 2.693e-04 9.017e-05 7.046e-04 -1.000 1.577e-03 -0.242 0.408 -0.385 -0.858 -1.074 -1.153 -0.990 -1.121
0.0015467 -1.00000 10.00000 0.8807010055 2.4440011978    0.809  2.040  3.6996  2.056    4  0.000  0.510     0.00     0.00 -1    -1e-30      0.00 7.382e-01 2.602e-01 2.693e-04 9.017e-05 7.046e-04 -1.000 1.577e-03 -0.331 0.341 -0.468 -0.948 -1.169 -1.250 -1.082 -1.216
0.0015467 -1.00000 10.00000 0.8807021379 2.4440014362    0.809  2.068  3.6968  2.017    7  0.000  0.510     0.00     0.00 -1 -9.07e-10      0.00 7.382e-01 2.586e-01 2.693e-04 9.017e-05 7.046e-04 -1.000 3.211e-03 -0.400 0.290 -0.531 -1.016 -1.241 -1.324 -1.152 -1.289
0.0015467 -1.00000 10.00000 0.8807023168 2.4440014362    0.809  2.074  3.6962  2.009    7  0.000  0.510     0.00     0.00 -1 -9.39e-10      0.00 7.382e-01 2.586e-01 2.693e-04 9.017e-05 7.046e-04 -1.000 3.211e-03 -0.415 0.278 -0.545 -1.032 -1.257 -1.340 -1.168 -1.305
0.0015467 -1.00000 10.00000 0.8807036281 2.4440019131    0.809  2.120  3.6919  1.946    7  0.000  0.510     0.00     0.00 -1 -1.23e-09      0.00 7.382e-01 2.586e-01 2.693e-04 9.017e-05 7.046e-04 -1.000 3.211e-03 -0.530 0.190 -0.652 -1.147 -1.378 -1.464 -1.286 -1.427
0.0015467 -1.00000 10.00000 0.8807048202 2.4440021515    0.808  2.160  3.6883  1.891    7  0.000  0.510     0.00     0.00 -1 -1.53e-09      0.00 7.382e-01 2.586e-01 2.693e-04 9.017e-05 7.046e-04 -1.000 3.211e-03 -0.629 0.116 -0.743 -1.246 -1.481 -1.570 -1.387 -1.531
0.0015467 -1.00000 10.00000 0.8807077408 2.4440031052    0.808  2.196  3.6851  1.841    7  0.000  0.510     0.00     0.00 -1 -1.89e-09      0.00 7.382e-01 2.586e-01 2.693e-04 9.017e-05 7.046e-04 -1.000 3.211e-03 -0.721 0.047 -0.830 -1.339 -1.578 -1.669 -1.480 -1.627
0.0015467 -1.00000 10.00000 0.8807115555 2.4440040588    0.808  2.175  3.6871  1.871    7  0.000  0.510     0.00     0.00 -1 -1.69e-09      0.00 7.382e-01 2.586e-01 2.693e-04 9.017e-05 7.046e-04 -1.000 3.211e-03 -0.667 0.086 -0.778 -1.284 -1.521 -1.610 -1.425 -1.571
0.0015467 -1.00000 10.00000 0.8807516694 2.4440152645    0.806  2.171  3.6873  1.875    7  0.000  0.510     0.00     0.00 -1 -1.65e-09      0.00 7.382e-01 2.586e-01 2.693e-04 9.018e-05 7.046e-04 -1.000 3.211e-03 -0.657 0.096 -0.768 -1.273 -1.510 -1.599 -1.414 -1.560
0.0015467 -1.00000 10.00000 0.8807784915 2.4440228939    0.804  2.213  3.6834  1.816    7  0.000  0.510     0.00     0.00 -1 -2.12e-09      0.00 7.382e-01 2.586e-01 2.693e-04 9.019e-05 7.046e-04 -1.000 3.211e-03 -0.761 0.019 -0.869 -1.381 -1.621 -1.713 -1.522 -1.670
0.0015467 -1.00000 10.00000 0.8807951212 2.4440274239    0.802  2.248  3.6802  1.768    7  0.000  0.510     0.00     0.00 -1 -2.59e-09      0.00 7.382e-01 2.586e-01 2.693e-04 9.019e-05 7.046e-04 -1.000 3.211e-03 -0.849 -0.045 -0.954 -1.470 -1.714 -1.808 -1.612 -1.762
0.0015467 -1.00000 10.00000 0.8808106184 2.4440317154    0.801  2.282  3.6771  1.720    7  0.000  0.510     0.00     0.00 -1 -3.13e-09      0.00 7.382e-01 2.586e-01 2.693e-04 9.019e-05 7.046e-04 -1.000 3.211e-03 -0.935 -0.104 -1.034 -1.556 -1.804 -1.899 -1.699 -1.850
0.0015467 -1.00000 10.00000 0.8808282018 2.4440367222    0.798  2.319  3.6739  1.668    7  0.000  0.510     0.00     0.00 -1 -3.94e-09      0.00 7.382e-01 2.586e-01 2.693e-04 9.019e-05 7.046e-04 -1.000 3.210e-03 -1.029 -0.170 -1.122 -1.651 -1.902 -2.000 -1.793 -1.947
0.0015467 -1.00000 10.00000 0.8808444142 2.4440412521    0.796  2.358  3.6705  1.615    7  0.000  0.510     0.00     0.00 -1 -4.92e-09      0.00 7.382e-01 2.586e-01 2.692e-04 9.020e-05 7.046e-04 -1.000 3.209e-03 -1.124 -0.236 -1.212 -1.747 -2.002 -2.101 -1.889 -2.044
0.0015467 -1.00000 10.00000 0.8808590770 2.4440453053    0.793  2.396  3.6672  1.562    7  0.000  0.510     0.00     0.00 -1 -6.11e-09      0.00 7.382e-01 2.586e-01 2.692e-04 9.020e-05 7.046e-04 -1.000 3.205e-03 -1.220 -0.300 -1.300 -1.841 -2.101 -2.202 -1.984 -2.140
0.0015467 -1.00000 10.00000 0.8808723688 2.4440491199    0.789  2.435  3.6638  1.508    7  0.000  0.510     0.00     0.00 -1 -7.68e-09      0.00 7.382e-01 2.587e-01 2.692e-04 9.022e-05 7.046e-04 -1.000 3.142e-03 -1.317 -0.363 -1.388 -1.935 -2.199 -2.302 -2.077 -2.236
0.0015467 -1.00000 10.00000 0.8808844686 2.4440524578    0.785  2.473  3.6605  1.453    7  0.000  0.510     0.00     0.00 -1 -9.61e-09      0.00 7.382e-01 2.587e-01 2.691e-04 9.023e-05 7.046e-04 -1.000 3.122e-03 -1.414 -0.426 -1.473 -2.029 -2.298 -2.403 -2.171 -2.332
0.0015467 -1.00000 10.00000 0.8808952570 2.4440555573    0.781  2.512  3.6571  1.399    7  0.000  0.510     0.00     0.00 -1  -1.2e-08      0.00 7.382e-01 2.587e-01 2.689e-04 9.034e-05 7.046e-04 -1.000 3.118e-03 -1.509 -0.483 -1.557 -2.120 -2.394 -2.501 -2.262 -2.426
0.0015467 -1.00000 10.00000 0.8809050322 2.4440581799    0.776  2.549  3.6533  1.344    7  0.000  0.508     0.00     0.00 -1 -1.49e-08      0.00 7.382e-01 2.587e-01 2.682e-04 9.077e-05 7.046e-04 -1.000 3.093e-03 -1.604 -0.536 -1.634 -2.208 -2.488 -2.598 -2.351 -2.518
0.0015467 -1.00000 10.00000 0.8809096813 2.4440596104    0.773  2.568  3.6510  1.314    7  0.000  0.507     0.00     0.00 -1 -1.67e-08      0.00 7.382e-01 2.587e-01 2.675e-04 9.127e-05 7.046e-04 -1.000 3.082e-03 -1.651 -0.557 -1.671 -2.251 -2.535 -2.646 -2.394 -2.564
0.0015467 -1.00000 10.00000 0.8809182048 2.4440619946    0.767  2.605  3.6465  1.255    7  0.000  0.502     0.00     0.00 -1  -2.1e-08      0.00 7.382e-01 2.588e-01 2.654e-04 9.331e-05 7.047e-04 -1.000 3.025e-03 -1.744 -0.599 -1.742 -2.334 -2.626 -2.740 -2.479 -2.653
0.0015467 -1.00000 10.00000 0.8809263110 2.4440641403    0.760  2.643  3.6390  1.183    7  0.000  0.496     0.00     0.00 -1 -2.66e-08      0.00 7.381e-01 2.588e-01 2.623e-04 9.682e-05 7.047e-04 -1.000 3.018e-03 -1.839 -0.609 -1.797 -2.411 -2.716 -2.835 -2.559 -2.742
0.0015467 -1.00000 10.00000 0.8809341192 2.4440665245    0.751  2.681  3.6358  1.127    7  0.000  0.490     0.00     0.00 -1 -3.34e-08      0.00 7.381e-01 2.589e-01 2.591e-04 1.008e-04 7.047e-04 -1.000 3.009e-03 -1.934 -0.662 -1.874 -2.498 -2.808 -2.931 -2.647 -2.835
0.0015467 -1.00000 10.00000 0.8809416890 2.4440686703    0.740  2.720  3.6324  1.069    7  0.000  0.484     0.00     0.00 -1 -4.26e-08      0.00 7.380e-01 2.590e-01 2.559e-04 1.046e-04 7.048e-04 -1.000 2.975e-03 -2.030 -0.714 -1.950 -2.585 -2.902 -3.027 -2.736 -2.928
0.0015467 -1.00000 10.00000 0.8809487820 2.4440705776    0.727  2.757  3.6289  1.010    7  0.000  0.479     0.00     0.00 -1 -5.41e-08      0.00 7.380e-01 2.591e-01 2.533e-04 1.079e-04 7.048e-04 -1.000 2.933e-03 -2.123 -0.760 -2.022 -2.668 -2.992 -3.119 -2.821 -3.017
0.0015467 -1.00000 10.00000 0.8809556961 2.4440724850    0.711  2.795  3.6254  0.948    7  0.000  0.474     0.00     0.00 -1 -7.02e-08      0.00 7.379e-01 2.591e-01 2.510e-04 1.108e-04 7.049e-04 -1.000 2.977e-03 -2.218 -0.799 -2.092 -2.752 -3.083 -3.214 -2.907 -3.109
0.0015467 -1.00000 10.00000 0.8809622526 2.4440743923    0.691  2.834  3.6218  0.883    7  0.000  0.470     0.00     0.00 -1 -9.33e-08      0.00 7.378e-01 2.592e-01 2.488e-04 1.136e-04 7.049e-04 -1.000 2.967e-03 -2.315 -0.839 -2.164 -2.837 -3.175 -3.310 -2.994 -3.202
0.0015467 -1.00000 10.00000 0.8809677362 2.4440758228    0.669  2.869  3.6188  0.822    7  0.000  0.466     0.00     0.00 -1 -1.21e-07      0.00 7.378e-01 2.593e-01 2.470e-04 1.157e-04 7.049e-04 -1.000 2.925e-03 -2.403 -0.876 -2.230 -2.916 -3.260 -3.398 -3.075 -3.287
0.0015467 -1.00000 10.00000 0.8809714913 2.4440770149    0.649  2.899  3.6165  0.769    7  0.000  0.464     0.00     0.00 -1 -1.55e-07      0.00 7.377e-01 2.593e-01 2.458e-04 1.172e-04 7.049e-04 -1.000 2.952e-03 -2.478 -0.910 -2.287 -2.983 -3.333 -3.472 -3.144 -3.360
0.0015467 -1.00000 10.00000 0.8809746504 2.4440777302    0.628  2.928  3.6147  0.719    7  0.000  0.462     0.00     0.00 -1 -1.97e-07      0.00 7.377e-01 2.594e-01 2.447e-04 1.185e-04 7.049e-04 -1.000 2.945e-03 -2.550 -0.946 -2.344 -3.049 -3.403 -3.544 -3.211 -3.430
0.0015467 -1.00000 10.00000 0.8809777498 2.4440786839    0.601  2.961  3.6137  0.663    7  0.000  0.460     0.00     0.00 -1 -2.64e-07      0.00 7.377e-01 2.594e-01 2.435e-04 1.200e-04 7.048e-04 -1.000 2.895e-03 -2.633 -1.004 -2.419 -3.129 -3.486 -3.629 -3.293 -3.513
0.0015467 -1.00000 10.00000 0.8809803128 2.4440793991    0.573  2.992  3.6154  0.618    7  0.000  0.458     0.00     0.00 -1 -3.52e-07      0.00 7.376e-01 2.595e-01 2.426e-04 1.212e-04 7.047e-04 -1.000 2.890e-03 -2.709 -1.092 -2.506 -3.213 -3.568 -3.708 -3.374 -3.593
0.0015467 -1.00000 10.00000 0.8809822202 2.4440798759    0.542  3.016  3.6261  0.612    7  0.000  0.457     0.00     0.00 -1 -4.52e-07      0.00 7.376e-01 2.595e-01 2.419e-04 1.220e-04 7.047e-04 -1.000 2.906e-03 -2.769 -1.285 -2.640 -3.313 -3.649 -3.779 -3.466 -3.668
0.0015467 -1.00000 10.00000 0.8809830546 2.4440801144    0.518  3.026  3.6342  0.615    7  0.000  0.456     0.00     0.00 -1 -5.04e-07      0.00 7.375e-01 2.595e-01 2.415e-04 1.225e-04 7.046e-04 -1.000 2.914e-03 -2.795 -1.408 -2.719 -3.367 -3.688 -3.811 -3.516 -3.706
0.0015467 -1.00000 10.00000 1.0965409279 2.4910964966    0.544 -4.186  3.6601  7.952    9  0.545  0.000     0.00     0.00 -1    -1e-30      0.00 7.252e-01 2.732e-01 2.244e-04 1.654e-04 7.173e-04 -1.000 1.584e-03 15.235 16.258 15.163 14.572 14.304 14.200 14.413 14.240
#isochrone terminated
